0.232
0.079
0.057
0.190
0.085
0.048
0.282
0.083
0.051
0.160
0.080
0.058
0.316
0.083
0.047
0.205
0.122
0.055
0.185
0.115
0.047
0.757
0.127
0.044
0.154
0.079
0.064
0.224
0.074
0.074
0.322
0.124
0.073
0.209
0.074
0.070
0.159
0.090
0.053
0.147
0.083
0.055
0.159
0.079
0.060
0.224
0.068
0.077
0.431
0.082
0.058
0.154
0.089
0.052
0.143
0.076
0.060
0.175
0.087
0.055
0.464
0.090
0.049
0.251
0.105
0.066
0.170
0.081
0.066
0.195
0.114
0.055
0.159
0.082
0.059
0.203
0.106
0.056
0.837
0.079
0.058
0.228
0.075
0.063
0.307
0.081
0.052
0.142
0.084
0.056
0.152
0.091
0.051
0.161
0.079
0.057
0.358
0.135
0.065
0.309
0.110
0.065
0.149
0.086
0.055
0.184
0.085
0.059
0.148
0.087
0.054
0.153
0.088
0.055
0.153
0.082
0.060
0.227
0.072
0.071
0.219
0.069
0.075
0.221
0.076
0.069
0.158
0.092
0.050
0.143
0.086
0.051
0.222
0.077
0.069
0.150
0.088
0.048
0.468
0.084
0.057
0.791
0.092
0.057
0.362
0.132
0.047
0.210
0.086
0.062
0.210
0.092
0.057
0.206
0.103
0.067
0.153
0.081
0.062
0.169
0.086
0.066
0.222
0.150
0.045
0.150
0.092
0.048
0.288
0.090
0.060
0.159
0.091
0.052
0.142
0.084
0.052
0.155
0.084
0.056
0.261
0.111
0.054
0.211
0.069
0.079
0.812
0.087
0.051
0.259
0.081
0.046
0.160
0.076
0.065
0.232
0.089
0.048
0.148
0.085
0.050
0.173
0.067
0.074
0.219
0.124
0.046
0.228
0.084
0.052
0.151
0.079
0.057
0.145
0.087
0.051
0.221
0.073
0.072
0.147
0.086
0.049
0.180
0.073
0.059
0.159
0.085
0.062
0.221
0.142
0.054
0.169
0.084
0.057
0.223
0.079
0.060
0.142
0.094
0.047
0.158
0.079
0.063
0.225
0.093
0.062
0.160
0.084
0.055
0.155
0.083
0.055
0.146
0.088
0.050
0.214
0.111
0.059
0.166
0.092
0.059
0.166
0.093
0.048
0.180
0.086
0.049
0.145
0.086
0.053
0.367
0.081
0.051
0.174
0.075
0.067
0.168
0.080
0.062
0.143
0.090
0.047
0.161
0.088
0.057
0.154
0.086
0.055
0.195
0.079
0.057
0.148
0.077
0.061
0.168
0.080
0.053
0.184
0.079
0.063
