0.087
0.022
0.026
0.069
0.027
0.027
0.058
0.020
0.031
0.054
0.021
0.025
0.060
0.018
0.033
0.055
0.024
0.027
0.067
0.022
0.033
0.062
0.029
0.020
0.061
0.026
0.026
0.059
0.026
0.026
0.112
0.033
0.033
0.113
0.023
0.035
0.063
0.030
0.022
0.074
0.020
0.033
0.076
0.025
0.028
0.055
0.019
0.031
0.064
0.024
0.027
0.095
0.035
0.027
0.076
0.020
0.032
0.055
0.021
0.030
0.056
0.024
0.028
0.062
0.022
0.029
0.058
0.017
0.030
0.058
0.019
0.034
0.358
0.020
0.026
0.060
0.021
0.031
0.068
0.024
0.027
0.091
0.029
0.029
0.075
0.023
0.027
0.263
0.027
0.018
0.097
0.019
0.037
0.095
0.025
0.029
0.096
0.024
0.030
0.065
0.031
0.023
0.106
0.021
0.032
0.070
0.020
0.035
0.058
0.022
0.030
0.094
0.020
0.033
0.065
0.024
0.032
0.060
0.024
0.027
0.097
0.022
0.035
0.072
0.023
0.027
0.061
0.025
0.028
0.085
0.019
0.035
0.084
0.022
0.033
0.073
0.013
0.041
0.068
0.024
0.028
0.118
0.037
0.033
0.056
0.020
0.031
0.783
0.024
0.020
0.074
0.020
0.034
0.899
0.025
0.021
0.062
0.028
0.023
0.057
0.021
0.030
0.059
0.024
0.020
0.052
0.024
0.027
0.072
0.019
0.034
0.100
0.020
0.032
0.056
0.018
0.032
0.061
0.031
0.020
0.080
0.017
0.036
0.092
0.028
0.034
0.074
0.021
0.032
0.090
0.023
0.030
0.079
0.031
0.034
0.064
0.022
0.029
0.096
0.022
0.033
0.059
0.020
0.032
0.062
0.021
0.031
0.057
0.027
0.023
0.060
0.025
0.029
0.059
0.019
0.033
0.057
0.025
0.029
0.055
0.022
0.026
0.057
0.019
0.034
0.066
0.026
0.026
0.069
0.030
0.026
0.054
0.023
0.027
0.091
0.022
0.033
0.095
0.023
0.031
0.060
0.017
0.031
0.302
0.019
0.033
0.057
0.018
0.033
0.058
0.020
0.031
0.049
0.020
0.028
0.086
0.034
0.023
0.056
0.021
0.030
0.967
0.021
0.024
0.070
0.017
0.034
0.067
0.025
0.025
0.089
0.023
0.038
0.092
0.035
0.022
0.324
0.024
0.027
0.251
0.020
0.027
0.054
0.037
0.012
0.061
0.017
0.033
0.063
0.022
0.031
0.051
0.025
0.025
0.071
0.027
0.026
0.063
0.022
0.029
