0.054
0.022
0.030
0.059
0.018
0.032
0.066
0.021
0.032
0.080
0.043
0.024
0.072
0.021
0.031
0.091
0.026
0.030
0.080
0.012
0.040
0.063
0.018
0.032
0.053
0.025
0.025
0.048
0.020
0.028
0.165
0.022
0.025
0.069
0.031
0.023
0.065
0.021
0.029
0.055
0.017
0.031
0.053
0.019
0.028
0.062
0.018
0.032
0.092
0.026
0.026
0.128
0.026
0.038
0.055
0.020
0.027
0.065
0.026
0.026
0.067
0.023
0.028
0.057
0.021
0.029
0.067
0.019
0.033
0.070
0.023
0.030
0.059
0.019
0.030
0.062
0.020
0.030
0.094
0.017
0.036
0.052
0.017
0.030
0.095
0.014
0.039
0.055
0.014
0.035
0.054
0.022
0.026
0.344
0.022
0.022
0.091
0.041
0.029
0.136
0.049
0.020
0.113
0.030
0.027
0.103
0.023
0.036
0.061
0.019
0.034
0.086
0.015
0.036
0.090
0.013
0.038
0.052
0.020
0.031
0.099
0.014
0.043
0.063
0.021
0.030
0.060
0.014
0.037
0.054
0.024
0.024
0.074
0.019
0.032
0.063
0.023
0.026
0.070
0.019
0.030
0.107
0.028
0.041
0.065
0.025
0.025
0.062
0.025
0.029
0.093
0.024
0.028
0.053
0.018
0.028
0.069
0.021
0.034
0.073
0.020
0.027
0.067
0.018
0.028
0.892
0.019
0.023
0.054
0.017
0.029
0.899
0.019
0.023
0.119
0.023
0.018
0.072
0.018
0.037
0.059
0.021
0.029
0.062
0.019
0.030
0.120
0.022
0.039
0.064
0.019
0.029
0.065
0.022
0.029
0.064
0.025
0.025
0.066
0.016
0.031
0.060
0.012
0.038
0.093
0.013
0.039
0.114
0.031
0.035
0.081
0.044
0.022
0.101
0.021
0.031
0.074
0.018
0.033
0.094
0.022
0.028
0.068
0.025
0.032
0.254
0.018
0.028
0.062
0.032
0.024
0.093
0.019
0.034
0.060
0.022
0.028
0.065
0.027
0.028
0.054
0.023
0.026
0.063
0.016
0.031
0.375
0.018
0.029
0.072
0.016
0.034
0.051
0.018
0.031
0.085
0.037
0.026
0.137
0.018
0.035
0.050
0.024
0.024
0.071
0.021
0.031
0.089
0.015
0.036
0.078
0.019
0.032
0.133
0.037
0.033
0.058
0.018
0.032
0.068
0.035
0.023
0.089
0.018
0.033
0.050
0.019
0.030
0.092
0.018
0.032
0.133
0.026
0.040
0.069
0.019
0.030
0.105
0.039
0.031
