0.082
0.008
0.050
0.149
0.009
0.057
0.083
0.006
0.053
0.075
0.008
0.054
0.068
0.008
0.055
0.113
0.008
0.054
0.145
0.008
0.061
0.088
0.007
0.055
0.429
0.010
0.047
0.141
0.003
0.065
0.078
0.004
0.056
0.060
0.013
0.026
0.080
0.004
0.055
0.069
0.004
0.057
0.080
0.017
0.046
0.080
0.012
0.049
0.082
0.000
0.063
0.135
0.012
0.046
0.095
0.016
0.042
0.097
0.011
0.053
0.070
0.000
0.061
0.089
0.011
0.049
0.085
0.004
0.058
0.091
0.018
0.047
0.084
0.004
0.055
0.071
0.012
0.051
0.435
0.013
0.042
0.310
0.004
0.051
0.076
0.000
0.060
0.117
0.009
0.057
0.101
0.003
0.058
0.136
0.008
0.053
0.100
0.000
0.067
0.092
0.010
0.053
0.108
0.004
0.043
0.314
0.004
0.054
0.143
0.010
0.051
0.072
0.000
0.058
0.129
0.012
0.045
0.065
0.008
0.052
0.182
0.005
0.059
0.080
0.003
0.058
0.080
0.008
0.054
0.114
0.008
0.058
0.069
0.008
0.053
0.072
0.004
0.055
0.136
0.009
0.055
0.152
0.003
0.063
0.144
0.000
0.064
0.145
0.004
0.063
0.091
0.003
0.062
0.123
0.006
0.058
0.084
0.008
0.052
0.084
0.009
0.053
0.090
0.000
0.062
0.094
0.011
0.052
0.092
0.007
0.057
0.072
0.004
0.057
0.204
0.011
0.043
0.078
0.008
0.054
0.075
0.011
0.052
0.149
0.005
0.061
0.112
0.013
0.053
0.089
0.007
0.053
0.138
0.009
0.050
0.083
0.003
0.054
0.083
0.007
0.058
0.090
0.007
0.055
0.162
0.004
0.062
0.096
0.005
0.053
0.145
0.006
0.058
0.073
0.009
0.049
0.091
0.010
0.055
0.082
0.004
0.056
0.151
0.007
0.059
0.174
0.016
0.041
0.089
0.003
0.058
0.104
0.004
0.058
0.073
0.010
0.053
0.133
0.003
0.064
0.091
0.004
0.059
0.104
0.006
0.059
0.671
0.005
0.055
0.072
0.004
0.057
0.070
0.012
0.049
0.122
0.000
0.057
0.095
0.011
0.055
0.087
0.004
0.057
0.348
0.007
0.054
0.152
0.007
0.051
0.089
0.004
0.056
0.100
0.010
0.055
0.158
0.006
0.061
0.078
0.004
0.060
0.083
0.004
0.054
0.162
0.006
0.059
0.395
0.014
0.049
0.114
0.003
0.048
0.100
0.011
0.053
0.085
0.014
0.049
