0.253
0.171
0.063
0.253
0.179
0.056
0.241
0.175
0.059
0.304
0.173
0.061
0.335
0.211
0.057
0.247
0.170
0.062
0.237
0.169
0.059
0.257
0.181
0.057
0.238
0.178
0.059
0.326
0.174
0.077
0.399
0.191
0.082
0.270
0.184
0.060
0.247
0.183
0.056
0.252
0.179
0.060
0.263
0.198
0.059
0.298
0.179
0.065
0.264
0.175
0.060
0.242
0.187
0.049
0.237
0.173
0.055
0.830
0.179
0.060
0.265
0.191
0.051
0.259
0.168
0.063
0.246
0.172
0.063
0.405
0.198
0.079
0.288
0.161
0.075
0.299
0.170
0.062
0.238
0.182
0.053
0.292
0.195
0.069
0.282
0.174
0.066
0.457
0.257
0.076
0.265
0.189
0.053
0.243
0.170
0.062
0.254
0.188
0.050
0.302
0.195
0.061
0.302
0.174
0.075
0.246
0.168
0.070
0.343
0.168
0.071
0.266
0.194
0.057
0.267
0.176
0.067
0.247
0.160
0.068
0.277
0.174
0.062
0.315
0.164
0.076
0.277
0.190
0.062
0.304
0.190
0.072
0.244
0.181
0.050
0.338
0.194
0.077
0.832
0.187
0.044
0.446
0.232
0.061
0.244
0.183
0.054
0.295
0.181
0.059
0.252
0.174
0.051
0.246
0.185
0.058
0.251
0.177
0.063
0.240
0.190
0.048
0.286
0.191
0.056
0.283
0.192
0.064
0.261
0.179
0.050
0.236
0.169
0.060
0.266
0.180
0.061
0.303
0.168
0.063
0.273
0.196
0.060
0.897
0.221
0.068
0.363
0.203
0.058
0.244
0.176
0.059
0.280
0.184
0.051
0.258
0.169
0.062
0.279
0.203
0.059
0.247
0.180
0.060
0.267
0.170
0.064
0.235
0.175
0.056
0.236
0.189
0.044
0.286
0.187
0.052
0.296
0.161
0.075
0.253
0.180
0.055
0.237
0.180
0.053
0.272
0.191
0.059
0.394
0.236
0.051
0.287
0.208
0.059
0.262
0.176
0.057
0.302
0.189
0.054
0.426
0.234
0.059
0.254
0.181
0.058
0.321
0.206
0.063
0.306
0.180
0.060
0.264
0.188
0.061
0.235
0.181
0.052
0.316
0.176
0.056
0.317
0.158
0.083
0.268
0.197
0.051
0.254
0.185
0.052
0.313
0.166
0.083
0.278
0.158
0.079
0.234
0.176
0.048
0.231
0.179
0.049
0.302
0.206
0.057
0.241
0.189
0.047
0.239
0.172
0.064
0.243
0.178
0.053
0.313
0.165
0.077
0.257
0.166
0.066
