0.082
0.000
0.059
0.095
0.010
0.050
0.085
0.003
0.056
0.087
0.005
0.059
0.078
0.004
0.058
0.092
0.015
0.044
0.082
0.010
0.050
0.081
0.004
0.054
0.085
0.017
0.045
0.060
0.014
0.038
0.157
0.004
0.059
0.095
0.004
0.060
0.067
0.007
0.053
0.098
0.003
0.057
0.458
0.003
0.052
0.079
0.004
0.057
0.089
0.000
0.062
0.077
0.000
0.061
0.078
0.013
0.043
0.101
0.000
0.063
0.082
0.004
0.056
0.064
0.004
0.055
0.142
0.008
0.060
0.076
0.000
0.064
0.073
0.004
0.058
0.875
0.004
0.054
0.139
0.004
0.054
0.077
0.004
0.056
0.064
0.012
0.045
0.083
0.007
0.054
0.226
0.000
0.054
0.074
0.000
0.059
0.098
0.003
0.058
0.228
0.005
0.061
0.137
0.005
0.059
0.064
0.004
0.051
0.147
0.006
0.060
0.105
0.010
0.056
0.113
0.003
0.054
0.074
0.004
0.055
0.093
0.009
0.032
0.137
0.010
0.054
0.081
0.004
0.058
0.338
0.004
0.051
0.144
0.000
0.065
0.068
0.008
0.053
0.084
0.007
0.056
0.096
0.000
0.063
0.082
0.008
0.056
0.071
0.000
0.057
0.136
0.004
0.062
0.131
0.013
0.053
0.101
0.000
0.064
0.064
0.012
0.047
0.068
0.007
0.052
0.076
0.004
0.055
0.085
0.000
0.053
0.071
0.004
0.056
0.432
0.014
0.042
0.077
0.004
0.056
0.098
0.013
0.051
0.079
0.004
0.053
0.135
0.009
0.058
0.130
0.006
0.055
0.127
0.009
0.055
0.145
0.000
0.066
0.086
0.004
0.058
0.186
0.009
0.059
0.206
0.015
0.052
0.087
0.004
0.055
0.120
0.000
0.064
0.064
0.004
0.056
0.083
0.007
0.053
0.135
0.000
0.062
0.123
0.008
0.058
0.082
0.000
0.060
0.112
0.004
0.058
0.191
0.006
0.061
0.081
0.008
0.051
0.079
0.000
0.059
0.088
0.003
0.057
0.121
0.015
0.045
0.075
0.000
0.060
0.080
0.004
0.056
0.159
0.010
0.051
0.146
0.009
0.059
0.092
0.003
0.058
0.073
0.008
0.051
0.304
0.005
0.052
0.073
0.004
0.057
0.084
0.011
0.051
0.109
0.015
0.046
0.081
0.000
0.064
0.078
0.003
0.056
0.066
0.008
0.054
0.087
0.006
0.053
0.073
0.000
0.061
0.083
0.000
0.060
0.065
0.000
0.054
0.131
0.003
0.060
