0.083
0.004
0.059
0.452
0.004
0.054
0.074
0.011
0.052
0.123
0.007
0.058
0.098
0.004
0.063
0.140
0.004
0.061
0.081
0.000
0.060
0.106
0.004
0.061
0.114
0.010
0.054
0.121
0.003
0.058
0.097
0.006
0.056
0.150
0.003
0.064
0.062
0.004
0.054
0.076
0.004
0.049
0.072
0.008
0.053
0.094
0.000
0.061
0.074
0.000
0.060
0.097
0.003
0.039
0.082
0.008
0.052
0.094
0.007
0.057
0.097
0.004
0.058
0.161
0.008
0.055
0.098
0.007
0.055
0.077
0.004
0.052
0.087
0.005
0.057
0.091
0.007
0.054
0.105
0.008
0.049
0.147
0.004
0.061
0.067
0.008
0.052
0.148
0.010
0.052
0.072
0.000
0.057
0.155
0.003
0.063
0.078
0.008
0.053
0.078
0.005
0.057
0.067
0.004
0.056
0.146
0.003
0.063
0.094
0.004
0.061
0.069
0.004
0.055
0.072
0.009
0.052
0.079
0.009
0.051
0.127
0.003
0.055
0.087
0.000
0.063
0.094
0.004
0.053
0.089
0.003
0.059
0.092
0.000
0.055
0.093
0.004
0.061
0.156
0.009
0.053
0.183
0.007
0.059
0.083
0.000
0.060
0.135
0.003
0.063
0.068
0.004
0.058
0.083
0.007
0.051
0.074
0.004
0.055
0.093
0.007
0.054
0.083
0.003
0.058
0.109
0.008
0.051
0.138
0.007
0.060
0.142
0.000
0.070
0.144
0.022
0.046
0.252
0.007
0.051
0.080
0.007
0.055
0.142
0.000
0.060
0.114
0.000
0.065
0.068
0.004
0.057
0.105
0.014
0.048
0.063
0.008
0.051
0.142
0.005
0.062
0.077
0.004
0.059
0.157
0.008
0.059
0.075
0.004
0.058
0.103
0.004
0.057
0.076
0.004
0.056
0.077
0.011
0.045
0.077
0.013
0.048
0.100
0.008
0.049
0.165
0.003
0.062
0.084
0.004
0.053
0.081
0.007
0.055
0.094
0.010
0.056
0.177
0.003
0.063
0.079
0.008
0.053
0.087
0.000
0.062
0.075
0.000
0.062
0.069
0.010
0.047
0.188
0.009
0.049
0.072
0.004
0.038
0.253
0.013
0.052
0.080
0.015
0.045
0.075
0.004
0.058
0.085
0.000
0.058
0.156
0.003
0.061
0.157
0.000
0.064
0.134
0.013
0.049
0.156
0.000
0.063
0.082
0.004
0.054
0.109
0.000
0.054
0.121
0.000
0.061
0.070
0.008
0.053
0.359
0.000
0.059
0.322
0.003
0.055
