0.213
0.153
0.046
0.237
0.137
0.063
0.214
0.137
0.056
0.206
0.139
0.054
0.199
0.147
0.049
0.254
0.160
0.062
0.211
0.151
0.047
0.228
0.157
0.059
0.217
0.134
0.063
0.213
0.145
0.058
0.429
0.178
0.083
0.223
0.149
0.059
0.224
0.134
0.069
0.200
0.141
0.051
0.208
0.142
0.057
0.284
0.117
0.084
0.219
0.138
0.055
0.201
0.141
0.057
0.206
0.133
0.062
0.201
0.133
0.061
0.218
0.138
0.057
0.274
0.144
0.070
0.258
0.134
0.069
0.942
0.141
0.048
0.268
0.144
0.050
0.231
0.144
0.064
0.218
0.140
0.064
0.235
0.143
0.051
0.209
0.139
0.060
0.228
0.147
0.054
0.288
0.163
0.056
0.205
0.136
0.059
0.223
0.153
0.055
0.389
0.191
0.071
0.236
0.160
0.046
0.234
0.146
0.053
0.218
0.126
0.070
0.240
0.128
0.064
0.241
0.142
0.055
0.419
0.191
0.059
0.344
0.206
0.065
0.273
0.135
0.084
0.281
0.125
0.080
0.258
0.138
0.074
0.213
0.141
0.060
0.199
0.149
0.049
0.210
0.146
0.053
0.370
0.155
0.076
0.268
0.143
0.071
0.236
0.170
0.054
0.215
0.145
0.055
0.198
0.142
0.047
0.201
0.147
0.048
0.334
0.147
0.046
0.246
0.132
0.068
0.265
0.140
0.050
0.232
0.136
0.062
0.220
0.138
0.057
0.205
0.137
0.059
0.211
0.155
0.045
0.220
0.138
0.053
0.280
0.129
0.079
0.213
0.146
0.049
0.271
0.132
0.068
0.233
0.157
0.054
0.212
0.145
0.051
0.207
0.144
0.054
0.209
0.141
0.055
0.217
0.139
0.059
0.206
0.143
0.053
0.197
0.136
0.058
0.258
0.141
0.058
0.277
0.126
0.077
0.217
0.144
0.057
0.206
0.148
0.049
0.310
0.143
0.080
0.375
0.177
0.082
0.248
0.153
0.067
0.904
0.133
0.061
0.208
0.135
0.063
0.878
0.145
0.044
0.256
0.163
0.041
0.225
0.141
0.060
0.206
0.143
0.054
0.261
0.149
0.057
0.206
0.141
0.052
0.201
0.133
0.063
0.216
0.126
0.070
0.324
0.147
0.068
0.215
0.138
0.063
0.288
0.175
0.061
0.215
0.139
0.062
0.213
0.142
0.057
0.212
0.156
0.049
0.350
0.131
0.065
0.206
0.138
0.059
0.219
0.142
0.057
0.220
0.137
0.061
0.284
0.160
0.061
0.202
0.137
0.055
