0.216
0.118
0.055
0.173
0.065
0.073
0.146
0.073
0.057
0.914
0.070
0.058
0.154
0.070
0.058
0.909
0.072
0.052
0.153
0.072
0.064
0.222
0.097
0.062
0.137
0.074
0.057
0.144
0.069
0.061
0.179
0.065
0.068
0.152
0.099
0.043
0.141
0.070
0.056
0.137
0.070
0.061
0.139
0.082
0.047
0.132
0.068
0.057
0.155
0.070
0.066
0.142
0.074
0.055
0.141
0.072
0.055
0.149
0.064
0.064
0.137
0.071
0.059
0.133
0.073
0.057
0.133
0.062
0.062
0.145
0.079
0.049
0.133
0.070
0.058
0.457
0.072
0.058
0.240
0.084
0.073
0.172
0.095
0.047
0.139
0.081
0.051
0.146
0.067
0.060
0.213
0.070
0.066
0.204
0.101
0.061
0.150
0.089
0.049
0.170
0.070
0.062
0.159
0.092
0.052
0.146
0.072
0.060
0.151
0.078
0.052
0.155
0.080
0.049
0.142
0.081
0.057
0.140
0.076
0.052
0.145
0.082
0.047
0.139
0.063
0.063
0.165
0.077
0.060
0.154
0.078
0.060
0.140
0.077
0.050
0.210
0.110
0.057
0.224
0.075
0.047
0.142
0.071
0.060
0.149
0.080
0.057
0.142
0.071
0.054
0.140
0.073
0.054
0.195
0.130
0.045
0.146
0.073
0.054
0.171
0.074
0.051
0.136
0.073
0.053
0.145
0.083
0.053
0.297
0.068
0.057
0.242
0.108
0.063
0.148
0.074
0.051
0.162
0.071
0.064
0.202
0.080
0.061
0.357
0.136
0.077
0.159
0.062
0.069
0.176
0.091
0.061
0.162
0.075
0.055
0.175
0.070
0.066
0.151
0.074
0.053
0.154
0.069
0.061
0.823
0.070
0.056
0.138
0.069
0.057
0.829
0.073
0.046
0.140
0.065
0.061
0.239
0.123
0.058
0.136
0.069
0.061
0.151
0.072
0.056
0.363
0.071
0.051
0.194
0.081
0.070
0.213
0.093
0.050
0.209
0.106
0.063
0.161
0.079
0.056
0.368
0.069
0.062
0.157
0.076
0.057
0.139
0.068
0.056
0.139
0.072
0.057
0.132
0.071
0.059
0.828
0.076
0.054
0.140
0.079
0.047
0.134
0.071
0.055
0.170
0.077
0.062
0.152
0.071
0.057
0.144
0.069
0.061
0.169
0.118
0.035
0.172
0.064
0.068
0.169
0.078
0.063
0.137
0.070
0.051
0.144
0.075
0.056
0.162
0.097
0.050
0.147
0.082
0.049
0.180
0.113
0.054
0.134
0.077
0.052
