0.083
0.040
0.036
0.147
0.042
0.038
0.093
0.044
0.029
0.086
0.042
0.031
0.103
0.044
0.037
0.148
0.051
0.039
0.083
0.045
0.026
0.180
0.048
0.026
0.078
0.049
0.027
0.163
0.046
0.025
0.233
0.045
0.024
0.127
0.062
0.031
0.298
0.055
0.024
0.099
0.038
0.041
0.075
0.045
0.029
0.083
0.042
0.034
0.339
0.051
0.028
0.080
0.045
0.029
0.078
0.048
0.028
0.083
0.054
0.021
0.327
0.041
0.028
0.081
0.048
0.026
0.119
0.038
0.041
0.075
0.050
0.019
0.093
0.044
0.033
0.082
0.043
0.032
0.079
0.048
0.026
0.093
0.052
0.028
0.079
0.050
0.021
0.078
0.047
0.027
0.087
0.046
0.029
0.084
0.046
0.033
0.084
0.043
0.032
0.133
0.067
0.027
0.135
0.053
0.034
0.147
0.043
0.040
0.126
0.042
0.037
0.362
0.044
0.025
0.164
0.036
0.039
0.093
0.046
0.029
0.073
0.049
0.025
0.113
0.037
0.040
0.085
0.040
0.033
0.097
0.044
0.033
0.074
0.041
0.033
0.282
0.051
0.020
0.090
0.045
0.033
0.083
0.046
0.030
0.191
0.055
0.037
0.080
0.041
0.032
0.092
0.041
0.032
0.107
0.040
0.033
0.122
0.044
0.041
0.112
0.041
0.038
0.080
0.051
0.024
0.087
0.049
0.028
0.093
0.039
0.035
0.092
0.052
0.024
0.076
0.045
0.026
0.090
0.045
0.028
0.075
0.050
0.021
0.092
0.052
0.021
0.082
0.042
0.030
0.112
0.070
0.022
0.097
0.048
0.030
0.114
0.047
0.031
0.092
0.042
0.032
0.122
0.052
0.037
0.099
0.043
0.031
0.092
0.051
0.023
0.088
0.045
0.030
0.105
0.058
0.029
0.077
0.044
0.032
0.104
0.043
0.032
0.100
0.038
0.038
0.128
0.070
0.033
0.091
0.039
0.035
0.174
0.051
0.044
0.094
0.037
0.037
0.079
0.044
0.032
0.080
0.041
0.033
0.078
0.040
0.033
0.829
0.054
0.029
0.079
0.043
0.031
0.092
0.044
0.036
0.093
0.052
0.031
0.086
0.049
0.030
0.120
0.032
0.047
0.076
0.048
0.024
0.089
0.037
0.037
0.247
0.043
0.024
0.089
0.046
0.030
0.094
0.053
0.026
0.083
0.038
0.031
0.322
0.060
0.019
0.084
0.055
0.021
0.131
0.042
0.025
0.078
0.045
0.028
0.091
0.061
0.023
0.080
0.053
0.024
