0.040
0.000
0.030
0.049
0.003
0.031
0.043
0.004
0.030
0.046
0.009
0.021
0.034
0.000
0.031
0.037
0.000
0.027
0.037
0.000
0.027
0.043
0.010
0.019
0.041
0.009
0.023
0.045
0.000
0.034
0.124
0.000
0.033
0.040
0.004
0.028
0.045
0.004
0.030
0.790
0.000
0.026
0.036
0.000
0.030
0.628
0.000
0.026
0.042
0.004
0.025
0.651
0.016
0.012
0.146
0.000
0.025
0.040
0.003
0.026
0.041
0.003
0.026
0.685
0.000
0.026
0.041
0.004
0.028
0.129
0.004
0.030
0.079
0.003
0.030
0.047
0.000
0.032
0.039
0.004
0.025
0.055
0.004
0.030
0.078
0.000
0.033
0.075
0.000
0.035
0.043
0.000
0.032
0.038
0.007
0.023
0.030
0.000
0.029
0.047
0.011
0.022
0.037
0.000
0.031
0.056
0.004
0.030
0.055
0.000
0.032
0.046
0.000
0.031
0.040
0.000
0.032
0.054
0.004
0.029
0.035
0.007
0.023
0.063
0.003
0.028
0.590
0.004
0.023
0.037
0.007
0.020
0.729
0.003
0.023
0.045
0.004
0.029
0.073
0.007
0.026
0.099
0.003
0.031
0.051
0.007
0.028
0.118
0.000
0.027
0.110
0.013
0.013
0.068
0.006
0.029
0.042
0.000
0.033
0.041
0.000
0.032
0.104
0.003
0.031
0.064
0.000
0.033
0.046
0.004
0.028
0.038
0.000
0.033
0.095
0.008
0.028
0.728
0.000
0.026
0.038
0.006
0.025
0.038
0.004
0.028
0.075
0.000
0.033
0.043
0.000
0.033
0.070
0.000
0.029
0.073
0.003
0.032
0.033
0.004
0.028
0.041
0.000
0.029
0.064
0.004
0.024
0.038
0.000
0.033
0.135
0.005
0.022
0.041
0.006
0.027
0.045
0.004
0.027
0.040
0.000
0.034
0.113
0.007
0.017
0.040
0.000
0.033
0.387
0.000
0.030
0.053
0.003
0.027
0.099
0.000
0.034
0.058
0.000
0.030
0.064
0.009
0.021
0.042
0.004
0.028
0.040
0.000
0.033
0.075
0.000
0.033
0.044
0.000
0.031
0.033
0.004
0.027
0.038
0.000
0.033
0.042
0.004
0.027
0.033
0.004
0.026
0.036
0.011
0.018
0.040
0.000
0.032
0.043
0.003
0.030
0.098
0.000
0.025
0.033
0.009
0.021
0.051
0.003
0.030
0.633
0.004
0.021
0.045
0.003
0.029
0.043
0.004
0.027
0.038
0.003
0.029
0.035
0.000
0.027
