0.150
0.082
0.052
0.147
0.067
0.066
0.132
0.069
0.057
0.150
0.078
0.054
0.142
0.070
0.059
0.272
0.056
0.074
0.133
0.075
0.055
0.157
0.076
0.056
0.159
0.066
0.069
0.949
0.066
0.063
0.183
0.084
0.057
0.173
0.074
0.058
0.146
0.078
0.057
0.149
0.080
0.058
0.160
0.063
0.068
0.187
0.068
0.068
0.156
0.075
0.055
0.148
0.068
0.064
0.465
0.079
0.049
0.181
0.098
0.061
0.135
0.079
0.051
0.160
0.078
0.059
0.436
0.076
0.051
0.335
0.062
0.069
0.184
0.100
0.052
0.189
0.076
0.053
0.146
0.077
0.050
0.191
0.099
0.053
0.146
0.080
0.052
0.145
0.080
0.052
0.154
0.083
0.059
0.184
0.100
0.054
0.840
0.091
0.049
0.300
0.133
0.075
0.149
0.074
0.059
0.127
0.075
0.050
0.152
0.080
0.057
0.149
0.069
0.058
0.149
0.087
0.049
0.147
0.075
0.055
0.210
0.053
0.086
0.153
0.075
0.064
0.139
0.086
0.051
0.160
0.069
0.061
0.223
0.104
0.066
0.136
0.072
0.053
0.196
0.078
0.060
0.210
0.078
0.063
0.142
0.071
0.059
0.136
0.071
0.056
0.351
0.072
0.056
0.195
0.136
0.024
0.372
0.105
0.056
0.142
0.076
0.061
0.330
0.070
0.052
0.140
0.080
0.056
0.142
0.066
0.062
0.153
0.092
0.052
0.286
0.121
0.068
0.155
0.080
0.061
0.164
0.077
0.062
0.210
0.120
0.058
0.136
0.072
0.057
0.147
0.080
0.050
0.821
0.079
0.045
0.130
0.076
0.052
0.857
0.070
0.059
0.149
0.080
0.052
0.134
0.066
0.048
0.151
0.071
0.056
0.185
0.074
0.062
0.137
0.069
0.065
0.793
0.079
0.061
0.138
0.085
0.046
0.856
0.100
0.053
0.144
0.064
0.064
0.243
0.071
0.065
0.267
0.075
0.054
0.146
0.076
0.050
0.132
0.070
0.058
0.152
0.079
0.060
0.164
0.080
0.056
0.145
0.081
0.060
0.862
0.077
0.050
0.148
0.078
0.058
0.132
0.076
0.033
0.272
0.062
0.065
0.365
0.067
0.055
0.140
0.071
0.060
0.130
0.088
0.042
0.149
0.068
0.064
0.211
0.099
0.060
0.137
0.080
0.052
0.137
0.069
0.056
0.331
0.111
0.065
0.143
0.081
0.050
0.138
0.070
0.056
0.184
0.059
0.069
0.169
0.070
0.063
0.432
0.078
0.041
