0.116
0.006
0.058
0.095
0.000
0.061
0.144
0.012
0.052
0.141
0.006
0.058
0.088
0.004
0.059
0.091
0.004
0.058
0.082
0.004
0.056
0.066
0.005
0.055
0.078
0.004
0.055
0.115
0.008
0.056
0.073
0.007
0.054
0.109
0.009
0.041
0.084
0.005
0.061
0.085
0.004
0.052
0.087
0.007
0.056
0.100
0.004
0.054
0.076
0.013
0.048
0.205
0.009
0.057
0.156
0.008
0.060
0.089
0.011
0.047
0.084
0.011
0.055
0.148
0.000
0.060
0.065
0.008
0.052
0.103
0.006
0.061
0.071
0.004
0.059
0.082
0.004
0.049
0.075
0.000
0.064
0.135
0.000
0.068
0.086
0.008
0.056
0.090
0.000
0.063
0.346
0.007
0.057
0.089
0.004
0.057
0.138
0.003
0.063
0.085
0.007
0.056
0.056
0.000
0.034
0.127
0.000
0.064
0.136
0.018
0.049
0.086
0.005
0.055
0.121
0.008
0.055
0.068
0.011
0.049
0.137
0.003
0.045
0.091
0.004
0.055
0.089
0.012
0.042
0.069
0.007
0.052
0.090
0.004
0.049
0.079
0.007
0.054
0.092
0.011
0.051
0.139
0.003
0.062
0.159
0.009
0.057
0.183
0.004
0.064
0.093
0.011
0.051
0.111
0.007
0.058
0.075
0.000
0.054
0.150
0.003
0.065
0.094
0.004
0.053
0.077
0.004
0.060
0.107
0.003
0.060
0.118
0.006
0.060
0.066
0.008
0.049
0.095
0.000
0.055
0.114
0.013
0.050
0.132
0.019
0.045
0.586
0.000
0.060
0.095
0.017
0.046
0.085
0.005
0.058
0.068
0.011
0.051
0.079
0.004
0.056
0.073
0.004
0.058
0.167
0.005
0.063
0.096
0.010
0.051
0.204
0.004
0.063
0.093
0.004
0.058
0.122
0.005
0.060
0.141
0.008
0.060
0.102
0.007
0.056
0.067
0.004
0.056
0.130
0.000
0.054
0.127
0.003
0.064
0.111
0.014
0.043
0.073
0.008
0.053
0.085
0.008
0.055
0.092
0.000
0.065
0.073
0.004
0.053
0.095
0.004
0.059
0.089
0.004
0.052
0.148
0.005
0.061
0.114
0.000
0.067
0.111
0.006
0.061
0.071
0.000
0.062
0.102
0.011
0.055
0.072
0.004
0.054
0.078
0.009
0.051
0.147
0.010
0.055
0.987
0.012
0.048
0.124
0.006
0.059
0.091
0.004
0.058
0.102
0.008
0.049
0.192
0.006
0.061
0.092
0.014
0.049
0.258
0.008
0.054
