0.031
0.000
0.031
0.059
0.000
0.032
0.038
0.000
0.033
0.095
0.000
0.032
0.045
0.000
0.030
0.040
0.007
0.025
0.045
0.000
0.031
0.031
0.000
0.031
0.057
0.003
0.029
0.037
0.004
0.027
0.036
0.008
0.020
0.100
0.010
0.020
0.029
0.004
0.023
0.074
0.003
0.031
0.070
0.000
0.033
0.054
0.000
0.030
0.051
0.008
0.025
0.060
0.003
0.024
0.257
0.003
0.021
0.040
0.000
0.033
0.052
0.004
0.024
0.048
0.004
0.029
0.303
0.004
0.023
0.049
0.000
0.031
0.043
0.003
0.027
0.039
0.004
0.025
0.055
0.000
0.032
0.042
0.000
0.033
0.043
0.000
0.032
0.045
0.000
0.032
0.037
0.009
0.022
0.778
0.004
0.021
0.135
0.003
0.022
0.073
0.003
0.029
0.048
0.000
0.031
0.034
0.000
0.031
0.051
0.000
0.029
0.035
0.003
0.025
0.035
0.000
0.029
0.070
0.004
0.029
0.197
0.000
0.026
0.039
0.004
0.028
0.079
0.004
0.023
0.040
0.004
0.025
0.226
0.000
0.024
0.043
0.004
0.029
0.383
0.003
0.023
0.040
0.004
0.029
0.139
0.000
0.035
0.037
0.000
0.031
0.045
0.000
0.031
0.036
0.000
0.029
0.073
0.004
0.029
0.055
0.008
0.025
0.057
0.007
0.027
0.067
0.003
0.025
0.070
0.000
0.032
0.069
0.003
0.027
0.043
0.000
0.032
0.242
0.004
0.023
0.288
0.014
0.011
0.045
0.003
0.028
0.052
0.007
0.026
0.101
0.000
0.034
0.063
0.000
0.029
0.069
0.005
0.025
0.045
0.000
0.028
0.038
0.000
0.033
0.147
0.007
0.023
0.119
0.003
0.032
0.049
0.003
0.025
0.042
0.000
0.031
0.139
0.005
0.020
0.075
0.006
0.027
0.176
0.003
0.024
0.040
0.000
0.023
0.036
0.000
0.031
0.044
0.007
0.025
0.053
0.008
0.024
0.035
0.003
0.025
0.038
0.006
0.025
0.039
0.003
0.028
0.040
0.000
0.031
0.038
0.004
0.029
0.094
0.000
0.026
0.394
0.004
0.021
0.058
0.006
0.021
0.032
0.000
0.030
0.128
0.009
0.017
0.064
0.006
0.025
0.067
0.003
0.031
0.041
0.007
0.025
0.046
0.000
0.032
0.042
0.004
0.027
0.043
0.000
0.033
0.047
0.000
0.029
0.044
0.004
0.028
0.044
0.000
0.032
0.042
0.004
0.029
0.035
0.000
0.031
