0.038
0.000
0.027
0.034
0.004
0.022
0.037
0.000
0.031
0.050
0.004
0.031
0.039
0.004
0.025
0.048
0.004
0.029
0.110
0.004
0.023
0.126
0.000
0.031
0.049
0.003
0.030
0.044
0.007
0.025
0.060
0.004
0.028
0.037
0.000
0.032
0.045
0.004
0.030
0.052
0.004
0.028
0.036
0.000
0.033
0.037
0.011
0.021
0.051
0.004
0.025
0.035
0.004
0.028
0.039
0.000
0.033
0.046
0.004
0.029
0.049
0.000
0.033
0.035
0.000
0.032
0.042
0.000
0.031
0.045
0.004
0.027
0.040
0.005
0.027
0.040
0.000
0.033
0.040
0.009
0.022
0.057
0.000
0.034
0.072
0.004
0.030
0.041
0.000
0.032
0.044
0.003
0.028
0.035
0.004
0.027
0.065
0.000
0.034
0.056
0.003
0.030
0.060
0.004
0.027
0.051
0.006
0.027
0.028
0.019
0.008
0.067
0.003
0.030
0.058
0.003
0.029
0.039
0.004
0.026
0.670
0.007
0.024
0.063
0.000
0.027
0.033
0.004
0.027
0.053
0.003
0.029
0.044
0.000
0.031
0.079
0.003
0.031
0.054
0.004
0.023
0.093
0.000
0.035
0.044
0.004
0.030
0.102
0.003
0.032
0.059
0.004
0.028
0.075
0.000
0.035
0.045
0.008
0.024
0.043
0.000
0.030
0.056
0.006
0.027
0.073
0.003
0.032
0.059
0.008
0.023
0.047
0.007
0.025
0.047
0.004
0.024
0.035
0.000
0.031
0.068
0.011
0.022
0.061
0.004
0.029
0.042
0.000
0.033
0.046
0.000
0.032
0.046
0.007
0.027
0.056
0.006
0.027
0.144
0.003
0.034
0.037
0.004
0.027
0.039
0.008
0.024
0.047
0.003
0.029
0.078
0.000
0.034
0.062
0.000
0.033
0.079
0.005
0.023
0.035
0.000
0.031
0.042
0.004
0.028
0.037
0.000
0.033
0.039
0.000
0.033
0.045
0.004
0.028
0.066
0.003
0.030
0.098
0.008
0.027
0.063
0.000
0.034
0.061
0.004
0.031
0.070
0.000
0.034
0.053
0.007
0.027
0.046
0.004
0.031
0.062
0.004
0.029
0.039
0.004
0.030
0.041
0.003
0.025
0.045
0.004
0.027
0.052
0.000
0.030
0.039
0.003
0.028
0.050
0.006
0.022
0.034
0.007
0.024
0.064
0.004
0.031
0.058
0.008
0.025
0.049
0.000
0.033
0.036
0.004
0.026
0.056
0.006
0.022
0.031
0.004
0.026
0.783
0.008
0.023
