0.064
0.035
0.027
0.061
0.032
0.028
0.074
0.031
0.031
0.086
0.044
0.028
0.085
0.045
0.020
0.093
0.038
0.034
0.075
0.046
0.025
0.059
0.035
0.023
0.073
0.035
0.026
0.068
0.034
0.026
0.076
0.034
0.033
0.181
0.042
0.042
0.071
0.038
0.026
0.231
0.042
0.017
0.070
0.044
0.020
0.333
0.042
0.031
0.088
0.049
0.026
0.094
0.050
0.031
0.076
0.035
0.031
0.067
0.042
0.023
0.065
0.032
0.031
0.084
0.039
0.030
0.073
0.044
0.022
0.078
0.032
0.035
0.067
0.030
0.035
0.070
0.032
0.031
0.064
0.035
0.027
0.071
0.027
0.035
0.063
0.031
0.031
0.069
0.036
0.028
0.064
0.036
0.028
0.072
0.039
0.024
0.100
0.032
0.032
0.124
0.047
0.036
0.110
0.044
0.032
0.078
0.039
0.026
0.080
0.041
0.033
0.079
0.030
0.033
0.082
0.029
0.033
0.080
0.051
0.024
0.074
0.025
0.039
0.074
0.035
0.023
0.076
0.039
0.023
0.072
0.034
0.027
0.069
0.032
0.032
0.066
0.031
0.031
0.101
0.035
0.035
0.089
0.041
0.025
0.153
0.044
0.040
0.075
0.029
0.036
0.097
0.033
0.036
0.070
0.037
0.024
0.112
0.054
0.025
0.078
0.036
0.031
0.072
0.037
0.029
0.103
0.039
0.025
0.113
0.049
0.030
0.076
0.038
0.025
0.080
0.041
0.030
0.071
0.032
0.032
0.080
0.040
0.029
0.068
0.042
0.023
0.131
0.053
0.030
0.122
0.047
0.034
0.078
0.031
0.035
0.080
0.033
0.033
0.072
0.030
0.033
0.076
0.030
0.037
0.082
0.038
0.027
0.081
0.035
0.030
0.098
0.036
0.027
0.069
0.040
0.024
0.067
0.036
0.031
0.130
0.047
0.035
0.079
0.040
0.029
0.121
0.046
0.035
0.527
0.032
0.028
0.244
0.035
0.023
0.095
0.035
0.031
0.072
0.034
0.034
0.076
0.039
0.027
0.094
0.032
0.032
0.094
0.030
0.036
0.080
0.034
0.030
0.076
0.037
0.029
0.117
0.027
0.042
0.107
0.052
0.029
0.071
0.032
0.032
0.072
0.035
0.031
0.266
0.035
0.031
0.115
0.038
0.030
0.074
0.036
0.024
0.072
0.034
0.030
0.072
0.033
0.029
0.103
0.039
0.026
0.095
0.030
0.036
0.090
0.034
0.031
0.093
0.035
0.023
0.101
0.031
0.027
0.099
0.037
0.022
