0.080
0.023
0.030
0.087
0.044
0.024
0.061
0.018
0.032
0.069
0.016
0.036
0.052
0.017
0.033
0.061
0.019
0.030
0.058
0.021
0.028
0.050
0.029
0.020
0.069
0.023
0.027
0.047
0.019
0.026
0.058
0.021
0.028
0.079
0.036
0.027
0.106
0.030
0.034
0.060
0.024
0.028
0.064
0.026
0.026
0.066
0.020
0.033
0.095
0.020
0.034
0.056
0.020
0.028
0.059
0.025
0.025
0.069
0.016
0.037
0.048
0.024
0.024
0.054
0.019
0.030
0.068
0.023
0.032
0.060
0.019
0.028
0.056
0.020
0.028
0.058
0.019
0.030
0.112
0.013
0.040
0.080
0.016
0.036
0.075
0.024
0.034
0.060
0.014
0.036
0.067
0.011
0.042
0.053
0.023
0.026
0.057
0.024
0.024
0.158
0.036
0.027
0.110
0.032
0.031
0.077
0.034
0.030
0.094
0.019
0.033
0.092
0.016
0.035
0.061
0.020
0.031
0.062
0.025
0.032
0.089
0.022
0.029
0.070
0.020
0.033
0.125
0.017
0.026
0.078
0.021
0.031
0.106
0.023
0.039
0.056
0.020
0.028
0.048
0.016
0.031
0.141
0.052
0.020
0.055
0.018
0.031
0.058
0.018
0.032
0.052
0.019
0.030
0.055
0.015
0.033
0.063
0.019
0.030
0.833
0.019
0.028
0.054
0.021
0.029
0.054
0.024
0.027
0.072
0.022
0.029
0.052
0.018
0.031
0.049
0.024
0.024
0.081
0.019
0.030
0.093
0.014
0.038
0.121
0.019
0.032
0.093
0.029
0.031
0.061
0.023
0.027
0.102
0.026
0.035
0.058
0.021
0.031
0.057
0.018
0.029
0.062
0.020
0.029
0.080
0.014
0.037
0.067
0.015
0.036
0.048
0.028
0.020
0.057
0.015
0.034
0.059
0.021
0.028
0.054
0.024
0.027
0.052
0.022
0.026
0.056
0.018
0.032
0.073
0.020
0.027
0.068
0.028
0.032
0.063
0.031
0.022
0.154
0.023
0.023
0.080
0.020
0.035
0.055
0.020
0.025
0.073
0.023
0.030
0.073
0.017
0.033
0.051
0.021
0.029
0.091
0.018
0.030
0.060
0.022
0.030
0.107
0.042
0.030
0.053
0.018
0.032
0.062
0.018
0.029
0.051
0.025
0.025
0.090
0.016
0.036
0.047
0.015
0.029
0.052
0.028
0.020
0.079
0.016
0.035
0.080
0.018
0.036
0.057
0.019
0.030
0.064
0.027
0.023
0.062
0.017
0.034
0.051
0.017
0.033
