0.042
0.004
0.027
0.040
0.000
0.026
0.230
0.004
0.022
0.038
0.003
0.028
0.231
0.003
0.022
0.061
0.005
0.028
0.039
0.000
0.032
0.044
0.000
0.032
0.063
0.003
0.031
0.214
0.000
0.025
0.054
0.004
0.029
0.801
0.000
0.025
0.165
0.000
0.025
0.059
0.000
0.034
0.150
0.000
0.024
0.098
0.004
0.028
0.050
0.005
0.027
0.039
0.004
0.029
0.036
0.004
0.028
0.046
0.011
0.018
0.136
0.000
0.026
0.051
0.000
0.031
0.071
0.006
0.028
0.050
0.000
0.032
0.036
0.004
0.026
0.042
0.004
0.025
0.051
0.004
0.030
0.037
0.000
0.031
0.163
0.005
0.023
0.036
0.014
0.018
0.046
0.004
0.027
0.036
0.004
0.028
0.223
0.005
0.022
0.073
0.003
0.032
0.729
0.000
0.026
0.050
0.006
0.026
0.654
0.000
0.026
0.091
0.000
0.024
0.695
0.004
0.030
0.232
0.000
0.025
0.033
0.004
0.027
0.099
0.003
0.030
0.042
0.003
0.026
0.082
0.007
0.017
0.047
0.004
0.029
0.047
0.004
0.021
0.045
0.003
0.021
0.091
0.000
0.034
0.048
0.004
0.022
0.069
0.000
0.033
0.044
0.000
0.029
0.060
0.006
0.027
0.051
0.009
0.025
0.037
0.007
0.024
0.072
0.007
0.020
0.050
0.005
0.025
0.081
0.000
0.027
0.061
0.008
0.026
0.076
0.004
0.030
0.035
0.000
0.031
0.066
0.009
0.017
0.076
0.003
0.030
0.045
0.000
0.032
0.264
0.009
0.022
0.047
0.000
0.033
0.175
0.005
0.022
0.113
0.000
0.031
0.250
0.004
0.023
0.043
0.000
0.033
0.194
0.000
0.025
0.059
0.000
0.030
0.176
0.003
0.022
0.039
0.000
0.029
0.189
0.009
0.017
0.042
0.005
0.027
0.353
0.003
0.022
0.051
0.000
0.033
0.039
0.004
0.029
0.046
0.003
0.029
0.189
0.000
0.034
0.048
0.000
0.032
0.050
0.003
0.027
0.069
0.003
0.031
0.071
0.004
0.029
0.043
0.004
0.029
0.070
0.007
0.027
0.032
0.003
0.023
0.056
0.004
0.027
0.047
0.003
0.029
0.842
0.000
0.030
0.081
0.003
0.024
0.070
0.005
0.028
0.045
0.000
0.033
0.051
0.011
0.022
0.217
0.000
0.030
0.035
0.004
0.027
0.036
0.000
0.029
0.785
0.005
0.021
0.034
0.004
0.025
0.037
0.000
0.031
